4294967294,131
4294967294,130
4294967294,129
4294967294,128
4294967294,127
4294967294,126
4294967294,125
4294967294,124
4294967294,123
4294967294,122
4294967294,121
4294967294,120
4294967294,119
4294967294,118
4294967294,117
4294967294,116
4294967294,115
4294967294,114
4294967294,113
4294967294,112
4294967294,111
4294967294,110
4294967294,109
4294967294,108
4294967294,107
4294967294,106
4294967294,105
4294967294,104
4294967294,103
4294967294,102
4294967294,101
4294967294,100
4294967294,99
4294967294,98
4294967294,97
4294967294,96
4294967294,95
4294967294,94
4294967294,93
4294967294,92
4294967294,91
4294967294,90
4294967294,89
4294967294,88
4294967294,87
4294967294,86
4294967294,85
4294967294,84
4294967294,83
4294967294,82
4294967294,81
4294967294,80
4294967294,79
4294967294,78
4294967294,77
4294967294,76
4294967294,75
4294967294,74
4294967294,73
4294967294,72
4294967294,71
4294967294,70
4294967294,69
4294967294,68
4294967294,67
4294967294,66
4294967294,65
4294967294,64
4294967294,63
4294967294,62
4294967294,61
4294967294,60
4294967294,59
4294967294,58
4294967294,57
4294967294,56
4294967294,55
4294967294,54
4294967294,53
4294967294,52
4294967294,51
4294967294,50
4294967294,49
4294967294,48
4294967294,47
4294967294,46
4294967294,45
4294967294,44
4294967294,43
4294967294,42
4294967294,41
4294967294,40
4294967294,39
4294967294,38
4294967294,37
4294967294,36
4294967294,35
4294967294,34
4294967294,33
4294967294,32
4294967294,31
4294967294,30
4294967294,29
4294967294,28
4294967294,27
4294967294,26
4294967294,25
4294967294,24
4294967294,23
4294967294,22
4294967294,21
4294967294,20
4294967294,19
4294967294,18
4294967294,17
4294967294,16
4294967294,15
4294967294,14
4294967294,13
4294967294,12
4294967294,11
4294967294,10
4294967294,9
4294967294,8
4294967294,7
4294967294,6
4294967294,5
4294967294,4
4294967294,3
4294967294,2
4294967294,0
1,0
2,0
3,0
5,0
4,0
6,0
10,0
0,308
0,304
0,303
0,12
0,10
0,8
0,0
0,519
0,448
0,300
0,518
0,447
0,299
0,517
0,446
0,298
0,516
0,445
0,297
0,515
0,444
0,296
0,464
0,443
0,295
0,514
0,442
0,294
0,513
0,441
0,293
0,512
0,292
0,511
0,439
0,291
0,510
0,438
0,290
0,509
0,437
0,289
0,508
0,436
0,288
0,507
0,435
0,287
0,506
0,434
0,286
0,505
0,433
0,285
0,460
0,432
0,284
0,504
0,431
0,283
0,503
0,430
0,282
0,502
0,429
0,281
0,501
0,428
0,280
0,500
0,427
0,279
0,499
0,426
0,278
0,498
0,425
0,277
0,497
0,424
0,276
0,496
0,423
0,275
0,495
0,422
0,274
0,493
0,421
0,273
0,492
0,420
0,272
0,491
0,419
0,271
0,490
0,418
0,270
0,489
0,417
0,269
0,488
0,416
0,268
0,487
0,415
0,267
0,465
0,414
0,266
0,486
0,413
0,265
0,485
0,412
0,264
0,484
0,411
0,263
0,483
0,410
0,262
0,482
0,409
0,261
0,481
0,407
0,260
0,480
0,406
0,259
0,479
0,405
0,258
0,478
0,404
0,257
0,461
0,403
0,256
0,477
0,402
0,255
0,476
0,401
0,254
0,475
0,400
0,253
0,474
0,399
0,252
0,473
0,398
0,251
0,472
0,397
0,250
0,471
0,396
0,249
0,470
0,395
0,248
0,469
0,394
0,247
0,566
0,393
0,246
0,468
0,392
0,245
0,565
0,391
0,244
0,467
0,390
0,242
0,466
0,389
0,241
0,564
0,388
0,240
0,563
0,387
1,3
2,2
3,1
3,2
4,1
4,2
5,1
5,2
6,1
6,3
10,3
10,1
10,6
10,8
10,12
10,14
10,17
10,18
10,21
10,22
10,25
10,27
10,29
10,31
10,33
10,35
10,38
10,39
10,42
10,43
10,47
10,384
10,385
10,387
10,388
10,390
10,391
10,393
10,395
10,396
10,398
10,399
10,401
10,403
10,404
10,406
10,407
10,409
10,410
10,412
10,414
10,415
10,417
10,418
10,420
10,422
10,423
10,425
10,426
10,428
10,429
10,431
10,433
10,434
10,436
10,437
10,439
10,441
10,442
10,444
10,445
10,447
10,449
10,450
10,452
10,453
10,455
10,456
10,458
10,460
10,461
10,463
10,464
10,466
10,468
10,469
10,471
10,472
10,474
10,475
10,477
10,479
10,480
10,482
10,483
10,485
10,487
10,488
10,490
10,491
10,493
10,494
10,496
10,498
10,499
10,501
10,502
10,504
10,506
10,507
10,509
10,510
10,512
10,513
10,515
10,517
10,518
10,520
10,521
10,523
10,525
10,526
10,528
10,529
10,531
10,533
10,534
10,536
10,537
10,539
10,540
10,542
10,544
10,545
10,547
10,548
10,550
10,552
10,553
10,555
10,556
10,558
10,559
10,561
10,563
10,564
10,566
10,567
10,569
10,571
10,572
10,574
10,575
10,577
10,578
10,580
10,582
10,583
10,585
10,586
10,588
10,590
10,591
10,593
10,594
10,596
10,598
10,599
10,601
10,602
10,604
10,605
10,607
10,609
10,610
10,612
10,613
10,615
10,617
10,618
10,620
10,621
10,623
10,624
10,626
10,628
10,629
10,631
10,632
10,634
10,636
10,637
10,639
10,128
10,130
10,131
10,133
10,135
10,136
10,138
10,139
10,141
10,143
10,144
10,146
10,147
10,149
10,150
10,152
10,154
10,155
10,157
10,158
10,160
10,162
10,163
10,165
10,166
10,168
10,170
10,171
10,173
10,174
10,176
10,177
10,179
10,181
10,182
10,184
10,185
10,187
10,189
10,190
10,192
10,193
10,195
10,196
10,198
10,200
10,201
10,203
10,204
10,206
10,208
10,209
10,211
10,212
10,214
10,215
10,217
10,219
10,220
10,222
10,223
10,225
10,227
10,228
10,230
10,231
10,233
10,235
10,236
10,238
10,239
10,241
10,242
10,244
10,246
10,247
10,249
10,250
10,252
10,254
10,255
10,9
10,321
10,317
10,318
10,320
10,319
10,316
10,4
10,253
10,251
10,248
10,245
10,243
10,240
10,237
10,234
10,232
10,229
10,226
10,224
10,221
10,218
10,216
10,213
10,210
10,207
10,205
10,202
10,199
10,197
10,194
10,191
10,188
10,186
10,183
10,180
10,178
10,175
10,172
10,169
10,167
10,164
10,161
10,159
10,156
10,153
10,151
10,148
10,145
10,142
10,140
10,137
10,134
10,132
10,129
10,638
10,635
10,633
10,630
10,627
10,625
10,622
10,619
10,616
10,614
10,611
10,608
10,606
10,603
10,600
10,597
10,595
10,592
10,589
10,587
10,584
10,581
10,579
10,576
10,573
10,570
10,568
10,565
10,562
10,560
10,557
10,554
10,551
10,549
10,546
10,543
10,541
10,538
10,535
10,532
10,530
10,527
10,524
10,522
10,519
10,516
10,514
10,511
10,508
10,505
10,503
10,500
10,497
10,495
10,492
10,489
10,486
10,484
10,481
10,478
10,476
10,473
10,470
10,467
10,465
10,462
10,459
10,457
10,454
10,451
10,448
10,446
10,443
10,440
10,438
10,435
10,432
10,430
10,427
10,424
10,421
10,419
10,416
10,413
10,411
10,408
10,405
10,402
10,400
10,397
10,394
10,392
10,389
10,386
10,48
10,46
10,41
10,37
10,34
10,30
10,26
10,23
10,19
10,15
10,11
10,7
10,5
6,2
5,3
4,3
3,3
2,3
2,1
1,2
1,1
0,440
0,357
0,356
0,322
0,310
0,307
0,305
0,302
0,243
0,9
0,239
0,562
0,386
0,238
0,561
0,385
0,237
0,560
0,384
0,236
0,559
0,383
0,235
0,558
0,382
0,234
0,557
0,381
0,233
0,556
0,380
0,232
0,555
0,379
0,231
0,554
0,378
0,230
0,553
0,377
0,229
0,552
0,376
0,228
0,551
0,375
0,227
0,550
0,374
0,226
0,549
0,373
0,225
0,462
0,372
0,224
0,548
0,371
0,223
0,547
0,370
0,222
0,546
0,369
0,221
0,545
0,368
0,220
0,544
0,367
0,219
0,543
0,366
0,218
0,542
0,365
0,217
0,541
0,364
0,216
0,540
0,363
0,215
0,539
0,362
0,214
0,538
0,361
0,213
0,537
0,360
0,212
0,536
0,359
0,211
0,358
0,346
0,210
0,535
0,345
0,209
0,534
0,344
0,208
0,343
0,207
0,567
0,342
0,206
0,533
0,340
0,205
0,532
0,341
0,204
0,531
0,339
0,203
0,530
0,338
0,202
0,529
0,337
0,201
0,355
0,336
0,200
0,528
0,335
0,199
0,527
0,334
0,198
0,354
0,333
0,197
0,353
0,332
0,196
0,463
0,331
0,195
0,526
0,330
0,194
0,352
0,329
0,193
0,525
0,328
0,192
0,351
0,327
0,63
0,524
0,326
0,62
0,523
0,325
0,61
0,350
0,324
0,60
0,349
0,323
0,59
0,522
0,348
0,58
0,521
0,321
0,57
0,520
0,320
0,56
0,347
0,319
0,55
0,459
0,318
0,54
0,458
0,317
0,53
0,457
0,316
0,52
0,456
0,315
0,51
0,455
0,314
0,50
0,454
0,313
0,49
0,453
0,312
0,48
0,452
0,311
0,47
0,451
0,309
0,46
0,450
0,306
0,45
0,449
0,301
0,6
0,5
0,1
0,11
0,4
0,2
0,3
0,7
